[app/ui]
version = 8.2.5
modtime = 1650043609.069647000

[app/launcher]
version = 8.2.5
modtime = 1650043609.070582000
